          34          62           1
          35          65           9
          36          67           9
          37          70           9
          38          72          -1
          39          73           9
          40          75           9
          41          76           9
          42          78           9
          43          79          -1
          44          80           9
          45          81           9
          46          81           9
          47          82           9
          48          83           9
          49          84           9
          50          84           9
          51          85          -1
          52          85           9
          53          86           9
          54          86           9
          55          87           9
          56          87           9
          57          88           9
          58          88          -1
          59          86           9
          60          85           9
          61          83           1
          60          80           9
          59          76          -1
          58          75           9
          57          74           9
          56          72           9
          55          71           9
          54          70          -1
          53          69           9
          52          68           9
          51          68           9
          50          67           9
          49          66          -1
          48          63           9
          47          60           1
          48          53           1
          47          48          -1
          46          47           9
          45          45           9
          44          44          -1
          43          45           9
          42          45           9
          41          46           9
          40          46           9
          39          47           9
          38          47          -1
          37          50           9
          36          52           9
          35          55          -1
