          34          62
          35          55
          35          56
          35          57
          35          58
          35          59
          35          60
          35          61
          35          62
          35          63
          35          64
          35          65
          36          52
          36          53
          36          54
          36          55
          36          56
          36          57
          36          58
          36          59
          36          60
          36          61
          36          62
          36          63
          36          64
          36          65
          36          66
          36          67
          37          50
          37          51
          37          52
          37          53
          37          54
          37          55
          37          56
          37          57
          37          58
          37          59
          37          60
          37          61
          37          62
          37          63
          37          64
          37          65
          37          66
          37          67
          37          68
          37          69
          37          70
          38          47
          38          48
          38          49
          38          50
          38          51
          38          52
          38          53
          38          54
          38          55
          38          56
          38          57
          38          58
          38          59
          38          60
          38          61
          38          62
          38          63
          38          64
          38          65
          38          66
          38          67
          38          68
          38          69
          38          70
          38          71
          38          72
          38          72
          39          47
          39          48
          39          49
          39          50
          39          51
          39          52
          39          53
          39          54
          39          55
          39          56
          39          57
          39          58
          39          59
          39          60
          39          61
          39          62
          39          63
          39          64
          39          65
          39          66
          39          67
          39          68
          39          69
          39          70
          39          71
          39          72
          39          73
          40          46
          40          47
          40          48
          40          49
          40          50
          40          51
          40          52
          40          53
          40          54
          40          55
          40          56
          40          57
          40          58
          40          59
          40          60
          40          61
          40          62
          40          63
          40          64
          40          65
          40          66
          40          67
          40          68
          40          69
          40          70
          40          71
          40          72
          40          73
          40          74
          40          75
          41          46
          41          47
          41          48
          41          49
          41          50
          41          51
          41          52
          41          53
          41          54
          41          55
          41          56
          41          57
          41          58
          41          59
          41          60
          41          61
          41          62
          41          63
          41          64
          41          65
          41          66
          41          67
          41          68
          41          69
          41          70
          41          71
          41          72
          41          73
          41          74
          41          75
          41          76
          42          45
          42          46
          42          47
          42          48
          42          49
          42          50
          42          51
          42          52
          42          53
          42          54
          42          55
          42          56
          42          57
          42          58
          42          59
          42          60
          42          61
          42          62
          42          63
          42          64
          42          65
          42          66
          42          67
          42          68
          42          69
          42          70
          42          71
          42          72
          42          73
          42          74
          42          75
          42          76
          42          77
          42          78
          43          45
          43          46
          43          47
          43          48
          43          49
          43          50
          43          51
          43          52
          43          53
          43          54
          43          55
          43          56
          43          57
          43          58
          43          59
          43          60
          43          61
          43          62
          43          63
          43          64
          43          65
          43          66
          43          67
          43          68
          43          69
          43          70
          43          71
          43          72
          43          73
          43          74
          43          75
          43          76
          43          77
          43          78
          43          79
          43          79
          44          44
          44          45
          44          46
          44          47
          44          48
          44          49
          44          50
          44          51
          44          52
          44          53
          44          54
          44          55
          44          56
          44          57
          44          58
          44          59
          44          60
          44          61
          44          62
          44          63
          44          64
          44          65
          44          66
          44          67
          44          68
          44          69
          44          70
          44          71
          44          72
          44          73
          44          74
          44          75
          44          76
          44          77
          44          78
          44          79
          44          80
          45          45
          45          46
          45          47
          45          48
          45          49
          45          50
          45          51
          45          52
          45          53
          45          54
          45          55
          45          56
          45          57
          45          58
          45          59
          45          60
          45          61
          45          62
          45          63
          45          64
          45          65
          45          66
          45          67
          45          68
          45          69
          45          70
          45          71
          45          72
          45          73
          45          74
          45          75
          45          76
          45          77
          45          78
          45          79
          45          80
          45          81
          46          47
          46          48
          46          49
          46          50
          46          51
          46          52
          46          53
          46          54
          46          55
          46          56
          46          57
          46          58
          46          59
          46          60
          46          61
          46          62
          46          63
          46          64
          46          65
          46          66
          46          67
          46          68
          46          69
          46          70
          46          71
          46          72
          46          73
          46          74
          46          75
          46          76
          46          77
          46          78
          46          79
          46          80
          46          81
          47          48
          47          49
          47          50
          47          51
          47          52
          47          53
          47          54
          47          55
          47          56
          47          57
          47          58
          47          59
          47          60
          47          60
          47          61
          47          62
          47          63
          47          64
          47          65
          47          66
          47          67
          47          68
          47          69
          47          70
          47          71
          47          72
          47          73
          47          74
          47          75
          47          76
          47          77
          47          78
          47          79
          47          80
          47          81
          47          82
          48          53
          48          63
          48          64
          48          65
          48          66
          48          67
          48          68
          48          69
          48          70
          48          71
          48          72
          48          73
          48          74
          48          75
          48          76
          48          77
          48          78
          48          79
          48          80
          48          81
          48          82
          48          83
          49          66
          49          67
          49          68
          49          69
          49          70
          49          71
          49          72
          49          73
          49          74
          49          75
          49          76
          49          77
          49          78
          49          79
          49          80
          49          81
          49          82
          49          83
          49          84
          50          67
          50          68
          50          69
          50          70
          50          71
          50          72
          50          73
          50          74
          50          75
          50          76
          50          77
          50          78
          50          79
          50          80
          50          81
          50          82
          50          83
          50          84
          51          68
          51          69
          51          70
          51          71
          51          72
          51          73
          51          74
          51          75
          51          76
          51          77
          51          78
          51          79
          51          80
          51          81
          51          82
          51          83
          51          84
          51          85
          51          85
          52          68
          52          69
          52          70
          52          71
          52          72
          52          73
          52          74
          52          75
          52          76
          52          77
          52          78
          52          79
          52          80
          52          81
          52          82
          52          83
          52          84
          52          85
          53          69
          53          70
          53          71
          53          72
          53          73
          53          74
          53          75
          53          76
          53          77
          53          78
          53          79
          53          80
          53          81
          53          82
          53          83
          53          84
          53          85
          53          86
          54          70
          54          71
          54          72
          54          73
          54          74
          54          75
          54          76
          54          77
          54          78
          54          79
          54          80
          54          81
          54          82
          54          83
          54          84
          54          85
          54          86
          55          71
          55          72
          55          73
          55          74
          55          75
          55          76
          55          77
          55          78
          55          79
          55          80
          55          81
          55          82
          55          83
          55          84
          55          85
          55          86
          55          87
          56          72
          56          73
          56          74
          56          75
          56          76
          56          77
          56          78
          56          79
          56          80
          56          81
          56          82
          56          83
          56          84
          56          85
          56          86
          56          87
          57          74
          57          75
          57          76
          57          77
          57          78
          57          79
          57          80
          57          81
          57          82
          57          83
          57          84
          57          85
          57          86
          57          87
          57          88
          58          75
          58          76
          58          77
          58          78
          58          79
          58          80
          58          81
          58          82
          58          83
          58          84
          58          85
          58          86
          58          87
          58          88
          58          88
          59          76
          59          77
          59          78
          59          79
          59          80
          59          81
          59          82
          59          83
          59          84
          59          85
          59          86
          60          80
          60          81
          60          82
          60          83
          60          84
          60          85
          61          83
